%New Engine Data
%row
rpm_engine=[600 750 1000 1250 1500 1750 2000 2250 2500 2750 3000 3250 3500 3600];

%column
mdot_fuel=1.e-6*[5 10 20 30 40 50 60 70 80];

torque_engine=[
7.937286748     55.15396477     149.5873208     244.0206769     338.4540329     432.887389      527.320745      621.7541011     716.1874571     %600
2.407156098     54.7347274      159.38987       264.0450126     368.7001552     473.3552978     578.0104404     682.665583      787.3207256     %750
3.870613773     60.44015256     173.5792301     286.7183077     399.8573853     512.9964628     626.1355404     739.274618      852.4136955     %1000
13.66808993     70.83389355     185.1655008     299.497108      413.8287153     528.1603225     642.4919297     756.823537      871.1551442     %1250
-2.706208552	56.18071097     173.95455       291.7283891     409.5022281     527.2760672     645.0499062     762.8237453     880.5975844     %1500
-12.0849184     47.02603156     165.2479315     283.4698314     401.6917313     519.9136313     638.1355312     756.3574311     874.579331      %1750
-33.10754316	26.68271345     146.2632267     265.8437399     385.4242531     505.0047663     624.5852795     744.1657927     863.7463059     %2000   
-62.63133954	-2.383594918	118.1118943     238.6073836     359.1028728     479.5983621     600.0938513     720.5893405     841.0848298     %2250
-104.4325545	-43.87119289	77.25153039     198.3742537     319.496977      440.6197002     561.7424235     682.8651468     803.9878701     %2500
-112.3579436	-54.22595805	62.03801307     178.3019842     294.5659553     410.8299265     527.0938976     643.3578687     759.6218398     %2750
-82.16885275	-29.14619498	76.89912056     182.9444361     288.9897516     395.0350672     501.0803827     607.1256983     713.1710138     %3000
-41.43260897	4.483452566     96.31557565     188.1476987     279.9798218     371.8119449     463.644068      555.476191      647.3083141     %3250
3.735203216     29.81574971     81.97684269     134.1379357     186.2990287     238.4601216     290.6212146     342.7823076     394.9434006     %3500
3.735203216     29.81574971     81.97684269     134.1379357     186.2990287     238.4601216     290.6212146     342.7823076     394.9434006     %3600
];
