rpm_e=  [50     800     1000	1500	2000	2500	3000	3300];
fmin_mg=[42.75  43.31   51.6    64.3    73.65   71.1    72.7    72.36 ];
fmin_mg_na=[42.79  42.79  42.79  42.79  42.79  42.79  42.79  42.79];
