function [FTP] = load_FTP_DC()
FTP_DC = [1	1	0.0	
2	2	0.0	
3	3	0.0	
4	4	0.0	
5	5	0.0	
6	6	0.0	
7	7	0.0	
8	8	0.0	
9	9	0.0	
10	10	0.0	
11	11	0.0	
12	12	0.0	
13	13	0.0	
14	14	0.0	
15	15	0.0	
16	16	0.0	
17	17	0.0	
18	18	0.0	
19	19	0.0	
20	20	0.0	
21	21	3.0	
22	22	5.9	
23	23	8.6	
24	24	11.5	
25	25	14.3	
26	26	16.9	
27	27	17.3	
28	28	18.1	
29	29	20.7	
30	30	21.7	
31	31	22.4	
32	32	22.5	
33	33	22.1	
34	34	21.5	
35	35	20.9	
36	36	20.4	
37	37	19.8	
38	38	17.0	
39	39	14.9	
40	40	14.9	
41	41	15.2	
42	42	15.5	
43	43	16.0	
44	44	17.1	
45	45	19.1	
46	46	21.1	
47	47	22.7	
48	48	22.9	
49	49	22.7	
50	50	22.6	
51	51	21.3	
52	52	19.0	
53	53	17.1	
54	54	15.8	
55	55	15.8	
56	56	17.7	
57	57	19.8	
58	58	21.6	
59	59	23.2	
60	60	24.2	
61	61	24.6	
62	62	24.9	
63	63	25.0	
64	64	24.6	
65	65	24.5	
66	66	24.7	
67	67	24.8	
68	68	24.7	
69	69	24.6	
70	70	24.6	
71	71	25.1	
72	72	25.6	
73	73	25.7	
74	74	25.4	
75	75	24.9	
76	76	25.0	
77	77	25.4	
78	78	26.0	
79	79	26.0	
80	80	25.7	
81	81	26.1	
82	82	26.7	
83	83	27.5	
84	84	28.6	
85	85	29.3	
86	86	29.8	
87	87	30.1	
88	88	30.4	
89	89	30.7	
90	90	30.7	
91	91	30.5	
92	92	30.4	
93	93	30.3	
94	94	30.4	
95	95	30.8	
96	96	30.4	
97	97	29.9	
98	98	29.5	
99	99	29.8	
100	100	30.3	
101	101	30.7	
102	102	30.9	
103	103	31.0	
104	104	30.9	
105	105	30.4	
106	106	29.8	
107	107	29.9	
108	108	30.2	
109	109	30.7	
110	110	31.2	
111	111	31.8	
112	112	32.2	
113	113	32.4	
114	114	32.2	
115	115	31.7	
116	116	28.6	
117	117	25.3	
118	118	22.0	
119	119	18.7	
120	120	15.4	
121	121	12.1	
122	122	8.8	
123	123	5.5	
124	124	2.2	
125	125	0.0	
126	126	0.0	
127	127	0.0	
128	128	0.0	
129	129	0.0	
130	130	0.0	
131	131	0.0	
132	132	0.0	
133	133	0.0	
134	134	0.0	
135	135	0.0	
136	136	0.0	
137	137	0.0	
138	138	0.0	
139	139	0.0	
140	140	0.0	
141	141	0.0	
142	142	0.0	
143	143	0.0	
144	144	0.0	
145	145	0.0	
146	146	0.0	
147	147	0.0	
148	148	0.0	
149	149	0.0	
150	150	0.0	
151	151	0.0	
152	152	0.0	
153	153	0.0	
154	154	0.0	
155	155	0.0	
156	156	0.0	
157	157	0.0	
158	158	0.0	
159	159	0.0	
160	160	0.0	
161	161	0.0	
162	162	0.0	
163	163	0.0	
164	164	3.3	
165	165	6.6	
166	166	9.9	
167	167	13.2	
168	168	16.5	
169	169	19.8	
170	170	22.2	
171	171	24.3	
172	172	25.8	
173	173	26.4	
174	174	25.7	
175	175	25.1	
176	176	24.7	
177	177	25.0	
178	178	25.2	
179	179	25.4	
180	180	25.8	
181	181	27.2	
182	182	26.5	
183	183	24.0	
184	184	22.7	
185	185	19.4	
186	186	17.7	
187	187	17.2	
188	188	18.1	
189	189	18.6	
190	190	20.0	
191	191	22.2	
192	192	24.5	
193	193	27.3	
194	194	30.5	
195	195	33.5	
196	196	36.2	
197	197	37.3	
198	198	39.3	
199	199	40.5	
200	200	42.1	
201	201	43.5	
202	202	45.1	
203	203	46.0	
204	204	46.8	
205	205	47.5	
206	206	47.5	
207	207	47.3	
208	208	47.2	
209	209	47.0	
210	210	47.0	
211	211	47.0	
212	212	47.0	
213	213	47.0	
214	214	47.2	
215	215	47.4	
216	216	47.9	
217	217	48.5	
218	218	49.1	
219	219	49.5	
220	220	50.0	
221	221	50.6	
222	222	51.0	
223	223	51.5	
224	224	52.2	
225	225	53.2	
226	226	54.1	
227	227	54.6	
228	228	54.9	
229	229	55.0	
230	230	54.9	
231	231	54.6	
232	232	54.6	
233	233	54.8	
234	234	55.1	
235	235	55.5	
236	236	55.7	
237	237	56.1	
238	238	56.3	
239	239	56.6	
240	240	56.7	
241	241	56.7	
242	242	56.5	
243	243	56.5	
244	244	56.5	
245	245	56.5	
246	246	56.5	
247	247	56.5	
248	248	56.4	
249	249	56.1	
250	250	55.8	
251	251	55.1	
252	252	54.6	
253	253	54.2	
254	254	54.0	
255	255	53.7	
256	256	53.6	
257	257	53.9	
258	258	54.0	
259	259	54.1	
260	260	54.1	
261	261	53.8	
262	262	53.4	
263	263	53.0	
264	264	52.6	
265	265	52.1	
266	266	52.4	
267	267	52.0	
268	268	51.9	
269	269	51.7	
270	270	51.5	
271	271	51.6	
272	272	51.8	
273	273	52.1	
274	274	52.5	
275	275	53.0	
276	276	53.5	
277	277	54.0	
278	278	54.9	
279	279	55.4	
280	280	55.6	
281	281	56.0	
282	282	56.0	
283	283	55.8	
284	284	55.2	
285	285	54.5	
286	286	53.6	
287	287	52.5	
288	288	51.5	
289	289	51.5	
290	290	51.5	
291	291	51.1	
292	292	50.1	
293	293	50.0	
294	294	50.1	
295	295	50.0	
296	296	49.6	
297	297	49.5	
298	298	49.5	
299	299	49.5	
300	300	49.1	
301	301	48.6	
302	302	48.1	
303	303	47.2	
304	304	46.1	
305	305	45.0	
306	306	43.8	
307	307	42.6	
308	308	41.5	
309	309	40.3	
310	310	38.5	
311	311	37.0	
312	312	35.2	
313	313	33.8	
314	314	32.5	
315	315	31.5	
316	316	30.6	
317	317	30.5	
318	318	30.0	
319	319	29.0	
320	320	27.5	
321	321	24.8	
322	322	21.5	
323	323	20.1	
324	324	19.1	
325	325	18.5	
326	326	17.0	
327	327	15.5	
328	328	12.5	
329	329	10.8	
330	330	8.0	
331	331	4.7	
332	332	1.4	
333	333	0.0	
334	334	0.0	
335	335	0.0	
336	336	0.0	
337	337	0.0	
338	338	0.0	
339	339	0.0	
340	340	0.0	
341	341	0.0	
342	342	0.0	
343	343	0.0	
344	344	0.0	
345	345	0.0	
346	346	0.0	
347	347	1.0	
348	348	4.3	
349	349	7.6	
350	350	10.9	
351	351	14.2	
352	352	17.3	
353	353	20.0	
354	354	22.5	
355	355	23.7	
356	356	25.2	
357	357	26.6	
358	358	28.1	
359	359	30.0	
360	360	30.8	
361	361	31.6	
362	362	32.1	
363	363	32.8	
364	364	33.6	
365	365	34.5	
366	366	34.6	
367	367	34.9	
368	368	34.8	
369	369	34.5	
370	370	34.7	
371	371	35.5	
372	372	36.0	
373	373	36.0	
374	374	36.0	
375	375	36.0	
376	376	36.0	
377	377	36.0	
378	378	36.1	
379	379	36.4	
380	380	36.5	
381	381	36.4	
382	382	36.0	
383	383	35.1	
384	384	34.1	
385	385	33.5	
386	386	31.4	
387	387	29.0	
388	388	25.7	
389	389	23.0	
390	390	20.3	
391	391	17.5	
392	392	14.5	
393	393	12.0	
394	394	8.7	
395	395	5.4	
396	396	2.1	
397	397	0.0	
398	398	0.0	
399	399	0.0	
400	400	0.0	
401	401	0.0	
402	402	0.0	
403	403	2.6	
404	404	5.9	
405	405	9.2	
406	406	12.5	
407	407	15.8	
408	408	19.1	
409	409	22.4	
410	410	25.0	
411	411	25.6	
412	412	27.5	
413	413	29.0	
414	414	30.0	
415	415	30.1	
416	416	30.0	
417	417	29.7	
418	418	29.3	
419	419	28.8	
420	420	28.0	
421	421	25.0	
422	422	21.7	
423	423	18.4	
424	424	15.1	
425	425	11.8	
426	426	8.5	
427	427	5.2	
428	428	1.9	
429	429	0.0	
430	430	0.0	
431	431	0.0	
432	432	0.0	
433	433	0.0	
434	434	0.0	
435	435	0.0	
436	436	0.0	
437	437	0.0	
438	438	0.0	
439	439	0.0	
440	440	0.0	
441	441	0.0	
442	442	0.0	
443	443	0.0	
444	444	0.0	
445	445	0.0	
446	446	0.0	
447	447	0.0	
448	448	3.3	
449	449	6.6	
450	450	9.9	
451	451	13.2	
452	452	16.5	
453	453	19.8	
454	454	23.1	
455	455	26.4	
456	456	27.8	
457	457	29.1	
458	458	31.5	
459	459	33.0	
460	460	33.6	
461	461	34.8	
462	462	35.1	
463	463	35.6	
464	464	36.1	
465	465	36.0	
466	466	36.1	
467	467	36.2	
468	468	36.0	
469	469	35.7	
470	470	36.0	
471	471	36.0	
472	472	35.6	
473	473	35.5	
474	474	35.4	
475	475	35.2	
476	476	35.2	
477	477	35.2	
478	478	35.2	
479	479	35.2	
480	480	35.2	
481	481	35.0	
482	482	35.1	
483	483	35.2	
484	484	35.5	
485	485	35.2	
486	486	35.0	
487	487	35.0	
488	488	35.0	
489	489	34.8	
490	490	34.6	
491	491	34.5	
492	492	33.5	
493	493	32.0	
494	494	30.1	
495	495	28.0	
496	496	25.5	
497	497	22.5	
498	498	19.8	
499	499	16.5	
500	500	13.2	
501	501	10.3	
502	502	7.2	
503	503	4.0	
504	504	1.0	
505	505	0.0	
506	1	0.0	
507	2	0.0	
508	3	0.0	
509	4	0.0	
510	5	0.0	
511	6	1.2	
512	7	3.5	
513	8	5.5	
514	9	6.5	
515	10	8.5	
516	11	9.6	
517	12	10.5	
518	13	11.9	
519	14	14.0	
520	15	16.0	
521	16	17.7	
522	17	19.0	
523	18	20.1	
524	19	21.0	
525	20	22.0	
526	21	23.0	
527	22	23.8	
528	23	24.5	
529	24	24.9	
530	25	25.0	
531	26	25.0	
532	27	25.0	
533	28	25.0	
534	29	25.0	
535	30	25.0	
536	31	25.6	
537	32	25.8	
538	33	26.0	
539	34	25.6	
540	35	25.2	
541	36	25.0	
542	37	25.0	
543	38	25.0	
544	39	24.4	
545	40	23.1	
546	41	19.8	
547	42	16.5	
548	43	13.2	
549	44	9.9	
550	45	6.6	
551	46	3.3	
552	47	0.0	
553	48	0.0	
554	49	0.0	
555	50	0.0	
556	51	0.0	
557	52	0.0	
558	53	0.0	
559	54	0.0	
560	55	0.0	
561	56	0.0	
562	57	0.0	
563	58	0.0	
564	59	0.0	
565	60	0.0	
566	61	0.0	
567	62	0.0	
568	63	0.0	
569	64	3.3	
570	65	6.6	
571	66	9.9	
572	67	13.0	
573	68	14.6	
574	69	16.0	
575	70	17.0	
576	71	17.0	
577	72	17.0	
578	73	17.5	
579	74	17.7	
580	75	17.7	
581	76	17.5	
582	77	17.0	
583	78	16.9	
584	79	16.6	
585	80	17.0	
586	81	17.1	
587	82	17.0	
588	83	16.6	
589	84	16.5	
590	85	16.5	
591	86	16.6	
592	87	17.0	
593	88	17.6	
594	89	18.5	
595	90	19.2	
596	91	20.2	
597	92	21.0	
598	93	21.1	
599	94	21.2	
600	95	21.6	
601	96	22.0	
602	97	22.4	
603	98	22.5	
